1 1 10995.9
1 2 2711.54
1 3 38143.2
1 4 71099.4
1 5 -170406
1 6 391991
1 7 -18552.7
1 8 -12908.2
2 1 2711.54
2 2 674.508
2 3 9268.23
2 4 17422.4
2 5 -42132.1
2 6 96901.9
2 7 -4563.95
2 8 -3196.32
3 1 38143.2
3 2 9268.23
3 3 136022
3 4 249738
3 5 -589598
3 6 1.35679e+06
3 7 -65102.7
3 8 -44483.7
4 1 71099.4
4 2 17422.4
4 3 249738
4 4 462585
4 5 -1.10186e+06
4 6 2.53507e+06
4 7 -120441
4 8 -83369.8
5 1 -170406
5 2 -42132.1
5 3 -589598
5 4 -1.10186e+06
5 5 2.65661e+06
5 6 -6.11216e+06
5 7 290170
5 8 200995
6 1 391991
6 2 96901.9
6 3 1.35679e+06
6 4 2.53507e+06
6 5 -6.11216e+06
6 6 1.40631e+07
6 7 -668125
6 8 -462301
7 1 -18552.7
7 2 -4563.95
7 3 -65102.7
7 4 -120441
7 5 290170
7 6 -668125
7 7 33498.9
7 8 21608.7
8 1 -12908.2
8 2 -3196.32
8 3 -44483.7
8 4 -83369.8
8 5 200995
8 6 -462301
8 7 21608.7
8 8 15277
