1 1 1450.4
1 2 371.055
1 3 4757.17
1 4 9271.78
1 5 -23494.5
1 6 54028.8
1 7 -2398.46
1 8 -1808.75
2 1 371.055
2 2 95.662
2 3 1199.68
2 4 2359.61
2 5 -6038.64
2 6 13884.6
2 7 -613.044
2 8 -465.583
3 1 4757.17
3 2 1199.68
3 3 16132.9
3 4 30767.4
3 5 -76518.7
3 6 176072
3 7 -8159.73
3 8 -5825.94
4 1 9271.78
4 2 2359.61
4 3 30767.4
4 4 59628.4
4 5 -150291
4 6 345674
4 7 -15401.5
4 8 -11557
5 1 -23494.5
5 2 -6038.64
5 3 -76518.7
5 4 -150291
5 5 389603
5 6 -896779
5 7 40800
5 8 29739.9
6 1 54028.8
6 2 13884.6
6 3 176072
6 4 345674
6 5 -896779
6 6 2.06456e+06
6 7 -94254.6
6 8 -68365.9
7 1 -2398.46
7 2 -613.044
7 3 -8159.73
7 4 -15401.5
7 5 40800
7 6 -94254.6
7 7 5666.17
7 8 2852.41
8 1 -1808.75
8 2 -465.583
8 3 -5825.94
8 4 -11557
8 5 29739.9
8 6 -68365.9
8 7 2852.41
8 8 2321.91
