1 1 261807
1 2 64560.6
1 3 908171
1 4 1.69284e+06
1 5 -4.0573e+06
1 6 9.33312e+06
1 7 -441732
1 8 -307338
2 1 64560.6
2 2 16059.7
2 3 220672
2 4 414818
2 5 -1.00315e+06
2 6 2.30719e+06
2 7 -108665
2 8 -76102.9
3 1 908171
3 2 220672
3 3 3.23861e+06
3 4 5.94615e+06
3 5 -1.40381e+07
3 6 3.23045e+07
3 7 -1.55006e+06
3 8 -1.05914e+06
4 1 1.69284e+06
4 2 414818
4 3 5.94615e+06
4 4 1.1014e+07
4 5 -2.62348e+07
4 6 6.03586e+07
4 7 -2.86764e+06
4 8 -1.985e+06
5 1 -4.0573e+06
5 2 -1.00315e+06
5 3 -1.40381e+07
5 4 -2.62348e+07
5 5 6.32531e+07
5 6 -1.45527e+08
5 7 6.90879e+06
5 8 4.78561e+06
6 1 9.33312e+06
6 2 2.30719e+06
6 3 3.23045e+07
6 4 6.03586e+07
6 5 -1.45527e+08
6 6 3.34835e+08
6 7 -1.59077e+07
6 8 -1.10072e+07
7 1 -441732
7 2 -108665
7 3 -1.55006e+06
7 4 -2.86764e+06
7 5 6.90879e+06
7 6 -1.59077e+07
7 7 797592
7 8 514493
8 1 -307338
8 2 -76102.9
8 3 -1.05914e+06
8 4 -1.985e+06
8 5 4.78561e+06
8 6 -1.10072e+07
8 7 514493
8 8 363738
