1 1 8612.55
1 2 2241.56
1 3 26737.4
1 4 54931.2
1 5 -148665
1 6 341927
1 7 -13025
1 8 -11790.9
2 1 2241.56
2 2 587.79
2 3 6864.28
2 4 14234
2 5 -38970.4
2 6 89626.6
2 7 -3427.94
2 8 -3088.79
3 1 26737.4
3 2 6864.28
3 3 86661.8
3 4 172066
3 5 -455870
3 6 1.04965e+06
3 7 -44867.3
3 8 -35248.9
4 1 54931.2
4 2 14234
4 3 172066
4 4 352500
4 5 -951992
4 6 2.19005e+06
4 7 -83395.3
4 8 -75469.2
5 1 -148665
5 2 -38970.4
5 3 -455870
5 4 -951992
5 5 2.74656e+06
5 6 -6.33731e+06
5 7 271835
5 8 210646
6 1 341927
6 2 89626.6
6 3 1.04965e+06
6 4 2.19005e+06
6 5 -6.33731e+06
6 6 1.46303e+07
6 7 -634045
6 8 -484187
7 1 -13025
7 2 -3427.94
7 3 -44867.3
7 4 -83395.3
7 5 271835
7 6 -634045
7 7 55320.1
7 8 15506
8 1 -11790.9
8 2 -3088.79
8 3 -35248.9
8 4 -75469.2
8 5 210646
8 6 -484187
8 7 15506
8 8 17216.4
