1 1 2.08901e+06
1 2 543767
1 3 6.8499e+06
1 4 1.31938e+07
1 5 -3.4263e+07
1 6 7.89294e+07
1 7 -4.37607e+06
1 8 -2.48362e+06
2 1 543767
2 2 143449
2 3 1.74643e+06
2 4 3.41163e+06
2 5 -9.03432e+06
2 6 2.08111e+07
2 7 -1.14636e+06
2 8 -656275
3 1 6.8499e+06
3 2 1.74643e+06
3 3 2.3242e+07
3 4 4.37862e+07
3 5 -1.10411e+08
3 6 2.5438e+08
3 7 -1.43019e+07
3 8 -7.96647e+06
4 1 1.31938e+07
4 2 3.41163e+06
4 3 4.37862e+07
4 4 8.37435e+07
4 5 -2.15538e+08
4 6 4.96548e+08
4 7 -2.76238e+07
4 8 -1.56061e+07
5 1 -3.4263e+07
5 2 -9.03432e+06
5 3 -1.10411e+08
5 4 -2.15538e+08
5 5 5.71973e+08
5 6 -1.3177e+09
5 7 7.26862e+07
5 8 4.15274e+07
6 1 7.89294e+07
6 2 2.08111e+07
6 3 2.5438e+08
6 4 4.96548e+08
6 5 -1.3177e+09
6 6 3.03571e+09
6 7 -1.67496e+08
6 8 -9.56592e+07
7 1 -4.37607e+06
7 2 -1.14636e+06
7 3 -1.43019e+07
7 4 -2.76238e+07
7 5 7.26862e+07
7 6 -1.67496e+08
7 7 9.50229e+06
7 8 5.23018e+06
8 1 -2.48362e+06
8 2 -656275
8 3 -7.96647e+06
8 4 -1.56061e+07
8 5 4.15274e+07
8 6 -9.56592e+07
8 7 5.23018e+06
8 8 3.02375e+06
