1 1 4.52502e+06
1 2 1.14025e+06
1 3 1.53943e+07
1 4 2.8901e+07
1 5 -7.14961e+07
1 6 1.64622e+08
1 7 -8.68327e+06
1 8 -5.25587e+06
2 1 1.14025e+06
2 2 290536
2 3 3.80983e+06
2 4 7.23207e+06
2 5 -1.81349e+07
2 6 4.17521e+07
2 7 -2.18986e+06
2 8 -1.33558e+06
3 1 1.53943e+07
3 2 3.80983e+06
3 3 5.4065e+07
3 4 9.96182e+07
3 5 -2.41119e+08
3 6 5.5533e+08
3 7 -2.97131e+07
3 8 -1.76457e+07
4 1 2.8901e+07
4 2 7.23207e+06
4 3 9.96182e+07
4 4 1.85699e+08
4 5 -4.55665e+08
4 6 1.04929e+09
4 7 -5.55422e+07
4 8 -3.34594e+07
5 1 -7.14961e+07
5 2 -1.81349e+07
5 3 -2.41119e+08
5 4 -4.55665e+08
5 5 1.13893e+09
5 6 -2.62257e+09
5 7 1.38016e+08
5 8 8.3775e+07
6 1 1.64622e+08
6 2 4.17521e+07
6 3 5.5533e+08
6 4 1.04929e+09
6 5 -2.62257e+09
6 6 6.03902e+09
6 7 -3.17937e+08
6 8 -1.92873e+08
7 1 -8.68327e+06
7 2 -2.18986e+06
7 3 -2.97131e+07
7 4 -5.55422e+07
7 5 1.38016e+08
7 6 -3.17937e+08
7 7 1.74278e+07
7 8 1.00246e+07
8 1 -5.25587e+06
8 2 -1.33558e+06
8 3 -1.76457e+07
8 4 -3.34594e+07
8 5 8.3775e+07
8 6 -1.92873e+08
8 7 1.00246e+07
8 8 6.18616e+06
