1 1 198935
1 2 52128.2
1 3 617898
1 4 1.28121e+06
1 5 -3.48311e+06
1 6 8.00815e+06
1 7 -300110
1 8 -277627
2 1 52128.2
2 2 13778.3
2 3 159374
2 4 334201
2 5 -920369
2 6 2.11594e+06
2 7 -79398.5
2 8 -73349.3
3 1 617898
3 2 159374
3 3 2.00635e+06
3 4 4.01816e+06
3 5 -1.06553e+07
3 6 2.45157e+07
3 7 -1.01553e+06
3 8 -831862
4 1 1.28121e+06
4 2 334201
4 3 4.01816e+06
4 4 8.29901e+06
4 5 -2.24409e+07
4 6 5.16003e+07
4 7 -1.93248e+06
4 8 -1.78859e+06
5 1 -3.48311e+06
5 2 -920369
5 3 -1.06553e+07
5 4 -2.24409e+07
5 5 6.3248e+07
5 6 -1.45589e+08
5 7 5.73527e+06
5 8 4.97955e+06
6 1 8.00815e+06
6 2 2.11594e+06
6 3 2.45157e+07
6 4 5.16003e+07
6 5 -1.45589e+08
6 6 3.352e+08
6 7 -1.32834e+07
6 8 -1.14423e+07
7 1 -300110
7 2 -79398.5
7 3 -1.01553e+06
7 4 -1.93248e+06
7 5 5.73527e+06
7 6 -1.32834e+07
7 7 991655
7 8 367161
8 1 -277627
8 2 -73349.3
8 3 -831862
8 4 -1.78859e+06
8 5 4.97955e+06
8 6 -1.14423e+07
8 7 367161
8 8 407715
