1 1 184731
1 2 48731.7
1 3 554093
1 4 1.17826e+06
1 5 -3.25773e+06
1 6 7.48701e+06
1 7 -252008
1 8 -264917
2 1 48731.7
2 2 12920.1
2 3 144954
2 4 310137
2 5 -864279
2 6 1.9864e+06
2 7 -67671.6
2 8 -70138.9
3 1 554093
3 2 144954
3 3 1.71291e+06
3 4 3.54737e+06
3 5 -9.66834e+06
3 6 2.22351e+07
3 7 -830482
3 8 -771380
4 1 1.17826e+06
4 2 310137
4 3 3.54737e+06
4 4 7.54645e+06
4 5 -2.08351e+07
4 6 4.78865e+07
4 7 -1.59899e+06
4 8 -1.69633e+06
5 1 -3.25773e+06
5 2 -864279
5 3 -9.66834e+06
5 4 -2.08351e+07
5 5 5.97509e+07
5 6 -1.37522e+08
5 7 4.98363e+06
5 8 4.78175e+06
6 1 7.48701e+06
6 2 1.9864e+06
6 3 2.22351e+07
6 4 4.78865e+07
6 5 -1.37522e+08
6 6 3.16608e+08
6 7 -1.15641e+07
6 8 -1.09823e+07
7 1 -252008
7 2 -67671.6
7 3 -830482
7 4 -1.59899e+06
7 5 4.98363e+06
7 6 -1.15641e+07
7 7 915385
7 8 308601
8 1 -264917
8 2 -70138.9
8 3 -771380
8 4 -1.69633e+06
8 5 4.78175e+06
8 6 -1.09823e+07
8 7 308601
8 8 399649
