IV-WL-LST/optimistic 8
stage4
WL
cat4ao.tf
w_0 -1
w_a 0
Omega_Q 0.7222
Omega_k 0
omega_m 0.146
omega_b 0.024
n_s 1
lnP 0
         617019         160061        2005930        3916630      -10198600       23474300       -1143610        -766723
         160061        41878.5         512348        1010390       -2662920        6128670        -297103        -200487
        2005930         512348        6752090       12881000      -32787700       75501700       -3827190       -2437750
        3916630        1010390       12881000       25009700      -64670700    1.48868e+08       -7255370       -4860730
      -10198600       -2662920      -32787700      -64670700    1.71585e+08    -3.9508e+08       19284400       12881400
       23474300        6128670       75501700    1.48868e+08    -3.9508e+08    9.09757e+08      -44495200      -29637700
       -1143610        -297103       -3827190       -7255370       19284400      -44495200        2721800        1348680
        -766723        -200487       -2437750       -4860730       12881400      -29637700        1348680         985316
