1 1 1.03063e+06
1 2 249258
1 3 3.71039e+06
1 4 6.78516e+06
1 5 -1.59033e+07
1 6 3.65931e+07
1 7 -1.71971e+06
1 8 -1.20679e+06
2 1 249258
2 2 60920.5
2 3 881208
2 4 1.62791e+06
2 5 -3.85849e+06
2 6 8.87638e+06
2 7 -414722
2 8 -293288
3 1 3.71039e+06
3 2 881208
3 3 1.38376e+07
3 4 2.48388e+07
3 5 -5.70854e+07
3 6 1.31417e+08
3 7 -6.27157e+06
3 8 -4.31321e+06
4 1 6.78516e+06
4 2 1.62791e+06
4 3 2.48388e+07
4 4 4.50517e+07
4 5 -1.04693e+08
4 6 2.40948e+08
4 7 -1.13776e+07
4 8 -7.93379e+06
5 1 -1.59033e+07
5 2 -3.85849e+06
5 3 -5.70854e+07
5 4 -1.04693e+08
5 5 2.46916e+08
5 6 -5.68231e+08
5 7 2.67778e+07
5 8 1.87165e+07
6 1 3.65931e+07
6 2 8.87638e+06
6 3 1.31417e+08
6 4 2.40948e+08
6 5 -5.68231e+08
6 6 1.30774e+09
6 7 -6.16753e+07
6 8 -4.30601e+07
7 1 -1.71971e+06
7 2 -414722
7 3 -6.27157e+06
7 4 -1.13776e+07
7 5 2.67778e+07
7 6 -6.16753e+07
7 7 3.07608e+06
7 8 1.99681e+06
8 1 -1.20679e+06
8 2 -293288
8 3 -4.31321e+06
8 4 -7.93379e+06
8 5 1.87165e+07
8 6 -4.30601e+07
8 7 1.99681e+06
8 8 1.42538e+06
