1 1 1.12999e+06
1 2 272082
1 3 4.09548e+06
1 4 7.45817e+06
1 5 -1.74004e+07
1 6 4.00397e+07
1 7 -1.89202e+06
1 8 -1.31867e+06
2 1 272082
2 2 66373.9
2 3 963920
2 4 1.77726e+06
2 5 -4.20177e+06
2 6 9.66575e+06
2 7 -453496
2 8 -319104
3 1 4.09548e+06
3 2 963920
3 3 1.5525e+07
3 4 2.7633e+07
3 5 -6.29941e+07
3 6 1.45055e+08
3 7 -6.98049e+06
3 8 -4.74883e+06
4 1 7.45817e+06
4 2 1.77726e+06
4 3 2.7633e+07
4 4 4.97922e+07
4 5 -1.14971e+08
4 6 2.64644e+08
4 7 -1.25851e+07
4 8 -8.69699e+06
5 1 -1.74004e+07
5 2 -4.20177e+06
5 3 -6.29941e+07
5 4 -1.14971e+08
5 5 2.69931e+08
5 6 -6.21257e+08
5 7 2.94502e+07
5 8 2.04309e+07
6 1 4.00397e+07
6 2 9.66575e+06
6 3 1.45055e+08
6 4 2.64644e+08
6 5 -6.21257e+08
6 6 1.42994e+09
6 7 -6.78443e+07
6 8 -4.70062e+07
7 1 -1.89202e+06
7 2 -453496
7 3 -6.98049e+06
7 4 -1.25851e+07
7 5 2.94502e+07
7 6 -6.78443e+07
7 7 3.40295e+06
7 8 2.19224e+06
8 1 -1.31867e+06
8 2 -319104
8 3 -4.74883e+06
8 4 -8.69699e+06
8 5 2.04309e+07
8 6 -4.70062e+07
8 7 2.19224e+06
8 8 1.55401e+06
