1 1 62770.3
1 2 13282.4
1 3 286607
1 4 469035
1 5 -939204
1 6 2.16071e+06
1 7 -85468.9
1 8 -74779.4
2 1 13282.4
2 2 2816.85
2 3 60309.2
2 4 98929.9
2 5 -198492
2 6 456543
2 7 -17972
2 8 -15824.1
3 1 286607
3 2 60309.2
3 3 1.33933e+06
3 4 2.174e+06
3 5 -4.3322e+06
3 6 9.97423e+06
3 7 -401413
3 8 -343233
4 1 469035
4 2 98929.9
4 3 2.174e+06
4 4 3.54029e+06
4 5 -7.07091e+06
4 6 1.62746e+07
4 7 -649334
4 8 -561515
5 1 -939204
5 2 -198492
5 3 -4.3322e+06
5 4 -7.07091e+06
5 5 1.42273e+07
5 6 -3.27561e+07
5 7 1.31843e+06
5 8 1.1263e+06
6 1 2.16071e+06
6 2 456543
6 3 9.97423e+06
6 4 1.62746e+07
6 5 -3.27561e+07
6 6 7.54247e+07
6 7 -3.04214e+06
6 8 -2.59122e+06
7 1 -85468.9
7 2 -17972
7 3 -401413
7 4 -649334
7 5 1.31843e+06
7 6 -3.04214e+06
7 7 133432
7 8 101832
8 1 -74779.4
8 2 -15824.1
8 3 -343233
8 4 -561515
8 5 1.1263e+06
8 6 -2.59122e+06
8 7 101832
8 8 89773.3
