1 1 617019
1 2 160061
1 3 2.00593e+06
1 4 3.91663e+06
1 5 -1.01986e+07
1 6 2.34743e+07
1 7 -1.14361e+06
1 8 -766723
2 1 160061
2 2 41878.5
2 3 512348
2 4 1.01039e+06
2 5 -2.66292e+06
2 6 6.12867e+06
2 7 -297103
2 8 -200487
3 1 2.00593e+06
3 2 512348
3 3 6.75209e+06
3 4 1.2881e+07
3 5 -3.27877e+07
3 6 7.55017e+07
3 7 -3.82719e+06
3 8 -2.43775e+06
4 1 3.91663e+06
4 2 1.01039e+06
4 3 1.2881e+07
4 4 2.50097e+07
4 5 -6.46707e+07
4 6 1.48868e+08
4 7 -7.25537e+06
4 8 -4.86073e+06
5 1 -1.01986e+07
5 2 -2.66292e+06
5 3 -3.27877e+07
5 4 -6.46707e+07
5 5 1.71585e+08
5 6 -3.9508e+08
5 7 1.92844e+07
5 8 1.28814e+07
6 1 2.34743e+07
6 2 6.12867e+06
6 3 7.55017e+07
6 4 1.48868e+08
6 5 -3.9508e+08
6 6 9.09757e+08
6 7 -4.44952e+07
6 8 -2.96377e+07
7 1 -1.14361e+06
7 2 -297103
7 3 -3.82719e+06
7 4 -7.25537e+06
7 5 1.92844e+07
7 6 -4.44952e+07
7 7 2.7218e+06
7 8 1.34868e+06
8 1 -766723
8 2 -200487
8 3 -2.43775e+06
8 4 -4.86073e+06
8 5 1.28814e+07
8 6 -2.96377e+07
8 7 1.34868e+06
8 8 985316
