1 1 2.96295e+06
1 2 729920
1 3 1.036e+07
1 4 1.91465e+07
1 5 -4.59621e+07
1 6 1.05795e+08
1 7 -5.36714e+06
1 8 -3.41535e+06
2 1 729920
2 2 181724
2 3 2.50703e+06
2 4 4.68126e+06
2 5 -1.13695e+07
2 6 2.61662e+07
2 7 -1.31953e+06
2 8 -846425
3 1 1.036e+07
3 2 2.50703e+06
3 3 3.74336e+07
3 4 6.793e+07
3 5 -1.59886e+08
3 6 3.68167e+08
3 7 -1.89687e+07
3 8 -1.18251e+07
4 1 1.91465e+07
4 2 4.68126e+06
4 3 6.793e+07
4 4 1.24596e+08
4 5 -2.967e+08
4 6 6.83055e+08
4 7 -3.4798e+07
4 8 -2.20187e+07
5 1 -4.59621e+07
5 2 -1.13695e+07
5 3 -1.59886e+08
5 4 -2.967e+08
5 5 7.1724e+08
5 6 -1.65109e+09
5 7 8.36795e+07
5 8 5.33014e+07
6 1 1.05795e+08
6 2 2.61662e+07
6 3 3.68167e+08
6 4 6.83055e+08
6 5 -1.65109e+09
6 6 3.80089e+09
6 7 -1.92738e+08
6 8 -1.22673e+08
7 1 -5.36714e+06
7 2 -1.31953e+06
7 3 -1.89687e+07
7 4 -3.4798e+07
7 5 8.36795e+07
7 6 -1.92738e+08
7 7 1.02454e+07
7 8 6.12947e+06
8 1 -3.41535e+06
8 2 -846425
8 3 -1.18251e+07
8 4 -2.20187e+07
8 5 5.33014e+07
8 6 -1.22673e+08
8 7 6.12947e+06
8 8 3.97823e+06
