1 1 18238.6
1 2 4807.28
1 3 50128.5
1 4 118658
1 5 -371483
1 6 856515
1 7 -20475.5
1 8 -31274.6
2 1 4807.28
2 2 1275.35
2 3 13126.5
2 4 31231.3
2 5 -99260.6
2 6 228939
2 7 -5973.58
2 8 -8266.08
3 1 50128.5
3 2 13126.5
3 3 145363
3 4 326390
3 5 -1.0187e+06
3 6 2.35359e+06
3 7 -79181.7
3 8 -81517.4
4 1 118658
4 2 31231.3
4 3 326390
4 4 776240
4 5 -2.43954e+06
4 6 5.62581e+06
4 7 -134457
4 8 -205296
5 1 -371483
5 2 -99260.6
5 3 -1.0187e+06
5 4 -2.43954e+06
5 5 8.67302e+06
5 6 -2.01289e+07
5 7 830723
5 8 659389
6 1 856515
6 2 228939
6 3 2.35359e+06
6 4 5.62581e+06
6 5 -2.01289e+07
6 6 4.67653e+07
6 7 -1.97043e+06
6 8 -1.51884e+06
7 1 -20475.5
7 2 -5973.58
7 3 -79181.7
7 4 -134457
7 5 830723
7 6 -1.97043e+06
7 7 290987
7 8 24359.3
8 1 -31274.6
8 2 -8266.08
8 3 -81517.4
8 4 -205296
8 5 659389
8 6 -1.51884e+06
8 7 24359.3
8 8 57633.5
