1 1 855638
1 2 199480
1 3 3.23506e+06
1 4 5.74462e+06
1 5 -1.28973e+07
1 6 2.9672e+07
1 7 -1.37011e+06
1 8 -983284
2 1 199480
2 2 46789.5
2 3 745471
2 4 1.33174e+06
2 5 -3.00769e+06
2 6 6.91812e+06
2 7 -317740
2 8 -229638
3 1 3.23506e+06
3 2 745471
3 3 1.254e+07
3 4 2.19936e+07
3 5 -4.87998e+07
3 6 1.12326e+08
3 7 -5.26226e+06
3 8 -3.70588e+06
4 1 5.74462e+06
4 2 1.33174e+06
4 3 2.19936e+07
4 4 3.88264e+07
4 5 -8.66859e+07
4 6 1.99479e+08
4 7 -9.25349e+06
4 8 -6.60053e+06
5 1 -1.28973e+07
5 2 -3.00769e+06
5 3 -4.87998e+07
5 4 -8.66859e+07
5 5 1.95193e+08
5 6 -4.49153e+08
5 7 2.08099e+07
5 8 1.48616e+07
6 1 2.9672e+07
6 2 6.91812e+06
6 3 1.12326e+08
6 4 1.99479e+08
6 5 -4.49153e+08
6 6 1.03357e+09
6 7 -4.79296e+07
6 8 -3.4187e+07
7 1 -1.37011e+06
7 2 -317740
7 3 -5.26226e+06
7 4 -9.25349e+06
7 5 2.08099e+07
7 6 -4.79296e+07
7 7 2.35861e+06
7 8 1.55714e+06
8 1 -983284
8 2 -229638
8 3 -3.70588e+06
8 4 -6.60053e+06
8 5 1.48616e+07
8 6 -3.4187e+07
8 7 1.55714e+06
8 8 1.13703e+06
