1 1 977791
1 2 227039
1 3 3.71747e+06
1 4 6.58198e+06
1 5 -1.47189e+07
1 6 3.38627e+07
1 7 -1.56366e+06
1 8 -1.12233e+06
2 1 227039
2 2 53128
2 3 850397
2 4 1.5169e+06
2 5 -3.41572e+06
2 6 7.85585e+06
2 7 -360382
2 8 -260937
3 1 3.71747e+06
3 2 850397
3 3 1.45978e+07
3 4 2.54503e+07
3 5 -5.61399e+07
3 6 1.29249e+08
3 7 -6.07225e+06
3 8 -4.25998e+06
4 1 6.58198e+06
4 2 1.5169e+06
4 3 2.54503e+07
4 4 4.4717e+07
4 5 -9.93361e+07
4 6 2.28616e+08
4 7 -1.06233e+07
4 8 -7.56094e+06
5 1 -1.47189e+07
5 2 -3.41572e+06
5 3 -5.61399e+07
5 4 -9.93361e+07
5 5 2.22719e+08
5 6 -5.12532e+08
5 7 2.3769e+07
5 8 1.69541e+07
6 1 3.38627e+07
6 2 7.85585e+06
6 3 1.29249e+08
6 4 2.28616e+08
6 5 -5.12532e+08
6 6 1.17953e+09
6 7 -5.47578e+07
6 8 -3.90009e+07
7 1 -1.56366e+06
7 2 -360382
7 3 -6.07225e+06
7 4 -1.06233e+07
7 5 2.3769e+07
7 6 -5.47578e+07
7 7 2.69689e+06
7 8 1.77775e+06
8 1 -1.12233e+06
8 2 -260937
8 3 -4.25998e+06
8 4 -7.56094e+06
8 5 1.69541e+07
8 6 -3.90009e+07
8 7 1.77775e+06
8 8 1.29715e+06
