1 1 52345
1 2 11093.6
1 3 238298
1 4 390415
1 5 -781683
1 6 1.79819e+06
1 7 -70890.1
1 8 -62275.2
2 1 11093.6
2 2 2355.66
2 3 50264.4
2 4 82523.2
2 5 -165539
2 6 380747
2 7 -14940.3
2 8 -13202.9
3 1 238298
3 2 50264.4
3 3 1.10557e+06
3 4 1.79869e+06
3 5 -3.58322e+06
3 6 8.24734e+06
3 7 -330197
3 8 -284352
4 1 390415
4 2 82523.2
4 3 1.79869e+06
4 4 2.93486e+06
4 5 -5.86024e+06
4 6 1.34851e+07
4 7 -535518
4 8 -465975
5 1 -781683
5 2 -165539
5 3 -3.58322e+06
5 4 -5.86024e+06
5 5 1.17906e+07
5 6 -2.714e+07
5 7 1.0879e+06
5 8 934492
6 1 1.79819e+06
6 2 380747
6 3 8.24734e+06
6 4 1.34851e+07
6 5 -2.714e+07
6 6 6.24774e+07
6 7 -2.50934e+06
6 8 -2.14968e+06
7 1 -70890.1
7 2 -14940.3
7 3 -330197
7 4 -535518
7 5 1.0879e+06
7 6 -2.50934e+06
7 7 109812
7 8 84123.8
8 1 -62275.2
8 2 -13202.9
8 3 -284352
8 4 -465975
8 5 934492
8 6 -2.14968e+06
8 7 84123.8
8 8 74554.7
