1 1 187098
1 2 50845.9
1 3 570672
1 4 1.17822e+06
1 5 -3.3569e+06
1 6 7.72962e+06
1 7 -380435
1 8 -251897
2 1 50845.9
2 2 13900.6
2 3 153613
2 4 319380
2 5 -918694
2 6 2.11541e+06
2 7 -104458
2 8 -68884.5
3 1 570672
3 2 153613
3 3 1.78125e+06
3 4 3.61197e+06
3 5 -1.01274e+07
3 6 2.33254e+07
3 7 -1.18266e+06
3 8 -753694
4 1 1.17822e+06
4 2 319380
4 3 3.61197e+06
4 4 7.44838e+06
4 5 -2.11408e+07
4 6 4.86805e+07
4 7 -2.38947e+06
4 8 -1.58749e+06
5 1 -3.3569e+06
5 2 -918694
5 3 -1.01274e+07
5 4 -2.11408e+07
5 5 6.15634e+07
5 6 -1.41821e+08
5 7 7.08139e+06
5 8 4.59946e+06
6 1 7.72962e+06
6 2 2.11541e+06
6 3 2.33254e+07
6 4 4.86805e+07
6 5 -1.41821e+08
6 6 3.26733e+08
6 7 -1.63434e+07
6 8 -1.05885e+07
7 1 -380435
7 2 -104458
7 3 -1.18266e+06
7 4 -2.38947e+06
7 5 7.08139e+06
7 6 -1.63434e+07
7 7 1.00771e+06
7 8 495387
8 1 -251897
8 2 -68884.5
8 3 -753694
8 4 -1.58749e+06
8 5 4.59946e+06
8 6 -1.05885e+07
8 7 495387
8 8 349717
