    1    1   .4119537381E+03
    1    2   .1140480732E+03
    1    3   .1241312222E+04
    1    4  -.4134943680E+04
    1    5   .3128653118E+04
    1    6  -.7800507039E+04
    1    7  -.1860784060E+03
    1    8  -.1292709323E+03
    2    1   .1140480732E+03
    2    2   .3184393361E+02
    2    3   .3321064805E+03
    2    4  -.1122906538E+04
    2    5   .7512766312E+03
    2    6  -.1904642620E+04
    2    7  -.5689347894E+02
    2    8  -.4147038563E+02
    3    1   .1241312222E+04
    3    2   .3321064805E+03
    3    3   .4342002770E+04
    3    4  -.1380478574E+05
    3    5   .1598525163E+05
    3    6  -.3812405486E+05
    3    7  -.2748175870E+03
    3    8  -.8906120226E+02
    4    1  -.4134943680E+04
    4    2  -.1122906538E+04
    4    3  -.1380478574E+05
    4    4   .4523921729E+05
    4    5  -.4944064007E+05
    4    6   .1186652777E+06
    4    7   .1118973351E+04
    4    8   .5250322867E+03
    5    1   .3128653118E+04
    5    2   .7512766312E+03
    5    3   .1598525163E+05
    5    4  -.4944064007E+05
    5    5   .1148519922E+06
    5    6  -.2590327033E+06
    5    7   .2494556519E+04
    5    8   .2932753685E+04
    6    1  -.7800507039E+04
    6    2  -.1904642620E+04
    6    3  -.3812405486E+05
    6    4   .1186652777E+06
    6    5  -.2590327033E+06
    6    6   .6817152766E+06
    6    7  -.6614214467E+04
    6    8  -.6329953045E+04
    7    1  -.1860784060E+03
    7    2  -.5689347894E+02
    7    3  -.2748175870E+03
    7    4   .1118973351E+04
    7    5   .2494556519E+04
    7    6  -.6614214467E+04
    7    7   .3204576923E+03
    7    8   .2273856731E+03
    8    1  -.1292709323E+03
    8    2  -.4147038563E+02
    8    3  -.8906120226E+02
    8    4   .5250322867E+03
    8    5   .2932753685E+04
    8    6  -.6329953045E+04
    8    7   .2273856731E+03
    8    8   .2191176782E+03
