    1    1   .6797306093E+03
    1    2   .2008891254E+03
    1    3   .1477343757E+04
    1    4  -.2238747569E+04
    1    5  -.2457280230E+04
    1    6   .4129370579E+04
    1    7  -.4667853623E+03
    1    8  -.5763448163E+03
    2    1   .2008891254E+03
    2    2   .6034209695E+02
    2    3   .3970231154E+03
    2    4  -.5352152858E+03
    2    5  -.1117051071E+04
    2    6   .2085678000E+04
    2    7  -.1513523738E+03
    2    8  -.1908827826E+03
    3    1   .1477343757E+04
    3    2   .3970231154E+03
    3    3   .5012878364E+04
    3    4  -.1136737814E+05
    3    5   .1287731998E+05
    3    6  -.3148577138E+05
    3    7  -.4257211113E+03
    3    8  -.3382928905E+03
    4    1  -.2238747569E+04
    4    2  -.5352152858E+03
    4    3  -.1136737814E+05
    4    4   .5047468057E+05
    4    5  -.8693501433E+05
    4    6   .1989030099E+06
    4    7  -.1186760266E+04
    4    8  -.2369536368E+04
    5    1  -.2457280230E+04
    5    2  -.1117051071E+04
    5    3   .1287731998E+05
    5    4  -.8693501433E+05
    5    5   .2414332904E+06
    5    6  -.5293676103E+06
    5    7   .8858309511E+04
    5    8   .1306635894E+05
    6    1   .4129370579E+04
    6    2   .2085678000E+04
    6    3  -.3148577138E+05
    6    4   .1989030099E+06
    6    5  -.5293676103E+06
    6    6   .1259056947E+07
    6    7  -.2019635554E+05
    6    8  -.2797386114E+05
    7    1  -.4667853623E+03
    7    2  -.1513523738E+03
    7    3  -.4257211113E+03
    7    4  -.1186760266E+04
    7    5   .8858309511E+04
    7    6  -.2019635554E+05
    7    7   .6174811826E+03
    7    8   .7425714941E+03
    8    1  -.5763448163E+03
    8    2  -.1908827826E+03
    8    3  -.3382928905E+03
    8    4  -.2369536368E+04
    8    5   .1306635894E+05
    8    6  -.2797386114E+05
    8    7   .7425714941E+03
    8    8   .1028946805E+04
