IV-CL-space/pessimistic 8
stage4
CL
F_clustersyst_cat4
w_0 -1
w_a 0
Omega_Q 0.7222
Omega_k 0
omega_m 0.146
omega_b 0.024
n_s 1
lnP 0
      679.73061      200.88913      1477.3438     -2238.7476     -2457.2802      4129.3706     -466.78536     -576.34482
      200.88913      60.342097      397.02312     -535.21529     -1117.0511       2085.678     -151.35237     -190.88278
      1477.3438      397.02312      5012.8784     -11367.378       12877.32     -31485.771     -425.72111     -338.29289
     -2238.7476     -535.21529     -11367.378      50474.681     -86935.014      198903.01     -1186.7603     -2369.5364
     -2457.2802     -1117.0511       12877.32     -86935.014      241433.29     -529367.61      8858.3095      13066.359
      4129.3706       2085.678     -31485.771      198903.01     -529367.61      1259056.9     -20196.356     -27973.861
     -466.78536     -151.35237     -425.72111     -1186.7603      8858.3095     -20196.356      617.48118      742.57149
     -576.34482     -190.88278     -338.29289     -2369.5364      13066.359     -27973.861      742.57149      1028.9468
