1 1 500810
1 2 113934
1 3 1.93528e+06
1 4 3.39969e+06
1 5 -7.48437e+06
1 6 1.72199e+07
1 7 -774828
1 8 -574595
2 1 113934
2 2 26081
2 3 435387
2 4 768976
2 5 -1.70161e+06
2 6 3.91401e+06
2 7 -175115
2 8 -130839
3 1 1.93528e+06
3 2 435387
3 3 7.66757e+06
3 4 1.33157e+07
3 5 -2.9007e+07
3 6 6.67723e+07
3 7 -3.04697e+06
3 8 -2.21846e+06
4 1 3.39969e+06
4 2 768976
4 3 1.33157e+07
4 4 2.32559e+07
4 5 -5.09268e+07
4 6 1.172e+08
4 7 -5.29915e+06
4 8 -3.9045e+06
5 1 -7.48437e+06
5 2 -1.70161e+06
5 3 -2.9007e+07
5 4 -5.09268e+07
5 5 1.12365e+08
5 6 -2.58585e+08
5 7 1.16915e+07
5 8 8.61144e+06
6 1 1.72199e+07
6 2 3.91401e+06
6 3 6.67723e+07
6 4 1.172e+08
6 5 -2.58585e+08
6 6 5.95113e+08
6 7 -2.69361e+07
6 8 -1.98105e+07
7 1 -774828
7 2 -175115
7 3 -3.04697e+06
7 4 -5.29915e+06
7 5 1.16915e+07
7 6 -2.69361e+07
7 7 1.29547e+06
7 8 880389
8 1 -574595
8 2 -130839
8 3 -2.21846e+06
8 4 -3.9045e+06
8 5 8.61144e+06
8 6 -1.98105e+07
8 7 880389
8 8 663184
