1 1 593416
1 2 157396
1 3 1.90251e+06
1 4 3.74685e+06
1 5 -1.01284e+07
1 6 2.3331e+07
1 7 -1.25774e+06
1 8 -740607
2 1 157396
2 2 42136.4
2 3 496866
2 4 988875
2 5 -2.7123e+06
2 6 6.24758e+06
2 7 -335576
2 8 -198567
3 1 1.90251e+06
3 2 496866
3 3 6.28186e+06
3 4 1.2131e+07
3 5 -3.20066e+07
3 6 7.37426e+07
3 7 -4.04592e+06
3 8 -2.32746e+06
4 1 3.74685e+06
4 2 988875
4 3 1.2131e+07
4 4 2.37651e+07
4 5 -6.37693e+07
4 6 1.46902e+08
4 7 -7.93008e+06
4 8 -4.66082e+06
5 1 -1.01284e+07
5 2 -2.7123e+06
5 3 -3.20066e+07
5 4 -6.37693e+07
5 5 1.75752e+08
5 6 -4.049e+08
5 7 2.17885e+07
5 8 1.2857e+07
6 1 2.3331e+07
6 2 6.24758e+06
6 3 7.37426e+07
6 4 1.46902e+08
6 5 -4.049e+08
6 6 9.32837e+08
6 7 -5.02306e+07
6 8 -2.96124e+07
7 1 -1.25774e+06
7 2 -335576
7 3 -4.04592e+06
7 4 -7.93008e+06
7 5 2.17885e+07
7 6 -5.02306e+07
7 7 2.92046e+06
7 8 1.5555e+06
8 1 -740607
8 2 -198567
8 3 -2.32746e+06
8 4 -4.66082e+06
8 5 1.2857e+07
8 6 -2.96124e+07
8 7 1.5555e+06
8 8 947499
