WL-IIIp-o.fisher 8
Category
Subcategory
Description
w_0 -1
w_a 0
Omega_Q 0.7222
Omega_k 0
omega_m 0.146
omega_b 0.024
n_s 1
lnP 0
        19417.9         4872.6        64662.7         126880        -318679         732614       -28876.3       -25186.1
         4872.6        1235.82        15910.9        31615.3       -80547.3         185147        -7256.7       -6373.18
        64662.7        15910.9         226400         429713       -1049510        2414820        -103103       -81486.3
         126880        31615.3         429713         836256       -2084090        4792240        -190425        -164393
        -318679       -80547.3       -1049510       -2084090        5437750      -12522300         522578         422690
         732614         185147        2414820        4792240      -12522300       28845600       -1211970        -971198
       -28876.3        -7256.7        -103103        -190425         522578       -1211970        83644.9        34316.3
       -25186.1       -6373.18       -81486.3        -164393         422690        -971198        34316.3        34104.2
