1 1 2196.8
1 2 544.548
1 3 7021.96
1 4 14436
1 5 -37312.4
1 6 85612
1 7 -2611.43
1 8 -3088.36
2 1 544.548
2 2 136.501
2 3 1710.72
2 4 3558.4
2 5 -9323.69
2 6 21391.1
2 7 -654.889
2 8 -771.06
3 1 7021.96
3 2 1710.72
3 3 23891.2
3 4 46931.4
3 5 -117371
3 6 269694
3 7 -9467.75
3 8 -9478.22
4 1 14436
4 2 3558.4
4 3 46931.4
4 4 95611.2
4 5 -245839
4 6 564293
4 7 -17584.8
4 8 -20267.8
5 1 -37312.4
5 2 -9323.69
5 3 -117371
5 4 -245839
5 5 707495
5 6 -1.63501e+06
5 7 66828.8
5 8 54472.7
6 1 85612
6 2 21391.1
6 3 269694
6 4 564293
6 5 -1.63501e+06
6 6 3.78249e+06
6 7 -157855
6 8 -124939
7 1 -2611.43
7 2 -654.889
7 3 -9467.75
7 4 -17584.8
7 5 66828.8
7 6 -157855
7 7 15176.1
7 8 3331.4
8 1 -3088.36
8 2 -771.06
8 3 -9478.22
8 4 -20267.8
8 5 54472.7
8 6 -124939
8 7 3331.4
8 8 4589.17
